Diabetes_binary,HighBP,HighChol,CholCheck,BMI,Smoker,Stroke,HeartDiseaseorAttack,PhysActivity,Fruits,Veggies,HvyAlcoholConsump,AnyHealthcare,NoDocbcCost,GenHlth,MentHlth,PhysHlth,DiffWalk,Sex,Age,Education,Income
1.0,0.22057457615948403,0.15620791644032186,,0.18649322342513827,0.04881765292010161,,,-0.06379240632356346,-0.03734283735213955,-0.04260874951537203,,,,0.23330344317566928,-0.00615693702193727,0.04962490913040759,,0.044111830233801504,0.1554788561272302,-0.0839755545076137,-0.10532315615688943
0.22057457615948403,1.0,0.250443419467769,,0.2214290233414656,0.07924281868046233,,,-0.07906593063144123,-0.03400836037969187,-0.043309020487163556,,,,0.23824216611548854,-0.01900897997127586,0.05200612264411116,,0.06299211582690795,0.3236950447535527,-0.10897522889154329,-0.12459271137148924
0.15620791644032186,0.250443419467769,1.0,,0.10238401809932621,0.07178857000251301,,,-0.04272717993202415,-0.03275061192964152,-0.028595381949446774,,,,0.15452705190074437,0.009097058158640776,0.04718573730654418,,0.036822717151103454,0.2614670621285586,-0.03813353310453981,-0.0424866252595606
,,,,,,,,,,,,,,,,,,,,,
0.18649322342513827,0.2214290233414656,0.10238401809932621,,1.0,0.02261637407301979,,,-0.12388208538403549,-0.10162678364470336,-0.06727336004594901,,,,0.2522823521000193,0.02513020028383374,0.04563395883562376,,0.1116070357252397,-0.0373512370716345,-0.10268857608673808,-0.03890347398849416
0.04881765292010161,0.07924281868046233,0.07178857000251301,,0.02261637407301979,1.0,,,-0.057975024398030456,-0.05797862374131899,-0.014548798985767443,,,,0.10012760786520578,0.01976718839067738,0.026679603658963182,,0.08508149734032637,0.13424737400993575,-0.16144637611178306,-0.09470133042254444
,,,,,,,,,,,,,,,,,,,,,
,,,,,,,,,,,,,,,,,,,,,
-0.06379240632356346,-0.07906593063144123,-0.04272717993202415,,-0.12388208538403549,-0.057975024398030456,,,1.0,0.13673481385499905,0.13809368189092458,,,,-0.15639401488715002,-0.025584358383288878,-0.05717307380463896,,0.006113854670043933,-0.04818009745331968,0.16607101450021106,0.12857377862656127
-0.03734283735213955,-0.03400836037969187,-0.03275061192964152,,-0.10162678364470336,-0.05797862374131899,,,0.13673481385499905,1.0,0.24208062116846757,,,,-0.09381230618516938,-0.041634984330696574,-0.010662480487180779,,-0.10515006772879315,0.0684637576732053,0.09691119216928624,0.042950563926719185
-0.04260874951537203,-0.043309020487163556,-0.028595381949446774,,-0.06727336004594901,-0.014548798985767443,,,0.13809368189092458,0.24208062116846757,1.0,,,,-0.09397471913443081,-0.013479830862196899,-0.010876367693251033,,-0.07945611357268047,0.005271376650420679,0.1339112487660475,0.11469544965632866
,,,,,,,,,,,,,,,,,,,,,
,,,,,,,,,,,,,,,,,,,,,
,,,,,,,,,,,,,,,,,,,,,
0.23330344317566928,0.23824216611548854,0.15452705190074437,,0.2522823521000193,0.10012760786520578,,,-0.15639401488715002,-0.09381230618516938,-0.09397471913443081,,,,1.0,0.1283809834408038,0.23461686850427751,,0.024319461430411478,0.08792794756546243,-0.19660948810964243,-0.21547046579809304
-0.00615693702193727,-0.01900897997127586,0.009097058158640776,,0.02513020028383374,0.01976718839067738,,,-0.025584358383288878,-0.041634984330696574,-0.013479830862196899,,,,0.1283809834408038,1.0,0.16038905252962013,,-0.08097323055132591,-0.13795972938458473,-0.0010499741183480611,-0.043086626296150225
0.04962490913040759,0.05200612264411116,0.04718573730654418,,0.04563395883562376,0.026679603658963182,,,-0.05717307380463896,-0.010662480487180779,-0.010876367693251033,,,,0.23461686850427751,0.16038905252962013,1.0,,-0.04896215840572647,0.020849032632507942,-0.027526918849428872,-0.0634112763542673
,,,,,,,,,,,,,,,,,,,,,
0.044111830233801504,0.06299211582690795,0.036822717151103454,,0.1116070357252397,0.08508149734032637,,,0.006113854670043933,-0.10515006772879315,-0.07945611357268047,,,,0.024319461430411478,-0.08097323055132591,-0.04896215840572647,,1.0,-0.042839785157517234,0.016277761886925222,0.12356066878719307
0.1554788561272302,0.3236950447535527,0.2614670621285586,,-0.0373512370716345,0.13424737400993575,,,-0.04818009745331968,0.0684637576732053,0.005271376650420679,,,,0.08792794756546243,-0.13795972938458473,0.020849032632507942,,-0.042839785157517234,1.0,-0.10293346331891723,-0.17278954952999184
-0.0839755545076137,-0.10897522889154329,-0.03813353310453981,,-0.10268857608673808,-0.16144637611178306,,,0.16607101450021106,0.09691119216928624,0.1339112487660475,,,,-0.19660948810964243,-0.0010499741183480611,-0.027526918849428872,,0.016277761886925222,-0.10293346331891723,1.0,0.39265999730951334
-0.10532315615688943,-0.12459271137148924,-0.0424866252595606,,-0.03890347398849416,-0.09470133042254444,,,0.12857377862656127,0.042950563926719185,0.11469544965632866,,,,-0.21547046579809304,-0.043086626296150225,-0.0634112763542673,,0.12356066878719307,-0.17278954952999184,0.39265999730951334,1.0
