Diabetes_binary,HighBP,HighChol,CholCheck,BMI,Smoker,Stroke,HeartDiseaseorAttack,PhysActivity,Fruits,Veggies,HvyAlcoholConsump,AnyHealthcare,NoDocbcCost,GenHlth,MentHlth,PhysHlth,DiffWalk,Sex,Age,Education,Income
1.0,0.23967693418424427,0.17085143911346629,,0.21918406020775713,0.057108142814375595,,,-0.09882817517859951,-0.041930425516557845,-0.05060335036804733,,,,0.26362923722513953,0.02441692741805079,0.12120645492742475,0.16744404998431547,0.027795359247364003,0.16631949880871533,-0.10730527959656576,-0.13981328103831756
0.23967693418424427,1.0,0.26016452767548776,,0.2376950092305055,0.08572830901385368,,,-0.11203423104413583,-0.036160574626796324,-0.05279757707016257,,,,0.266569280212015,0.009369420539705924,0.11412189038283461,0.17804669216545016,0.04051797058875482,0.33535428735544826,-0.13113362727489147,-0.15192935474990824
0.17085143911346629,0.26016452767548776,1.0,,0.11430191123268302,0.07590612910434136,,,-0.059738011391438174,-0.03603336254089194,-0.030837049737697447,,,,0.16682949622880347,0.02714719870828007,0.07709518232130436,0.09812988775444081,0.021787792427639185,0.25772656584991,-0.05239921369071097,-0.060358095003467956
,,,,,,,,,,,,,,,,,,,,,
0.21918406020775713,0.2376950092305055,0.11430191123268302,,1.0,0.028562744514508482,,,-0.1487989542186757,-0.0979390889768722,-0.06956799426455602,,,,0.2544250000304782,0.05213573925266378,0.08936692046824618,0.1716936626640408,0.07445763523470329,-0.014946108120874983,-0.1150625949737845,-0.07602120197169264
0.057108142814375595,0.08572830901385368,0.07590612910434136,,0.028562744514508482,1.0,,,-0.07621647606780799,-0.06328510701640408,-0.021650118426676253,,,,0.13234844746526628,0.041781959649480095,0.08420713688366001,0.09882190360540882,0.084501596266639,0.13378203826458074,-0.1677573920335541,-0.10833237665771003
,,,,,,,,,,,,,,,,,,,,,
,,,,,,,,,,,,,,,,,,,,,
-0.09882817517859951,-0.11203423104413583,-0.059738011391438174,,-0.1487989542186757,-0.07621647606780799,,,1.0,0.13585529782597222,0.14518371503686095,,,,-0.22973683582960042,-0.06206234596102828,-0.17700840889621677,-0.21601309441731886,0.030770729662676986,-0.09058182277066228,0.18745135764326162,0.17339276513022958
-0.041930425516557845,-0.036160574626796324,-0.03603336254089194,,-0.0979390889768722,-0.06328510701640408,,,0.13585529782597222,1.0,0.24677372682254647,,,,-0.09465462476305941,-0.04917745124091408,-0.025071614029383273,-0.02833320142793251,-0.09766192101659658,0.06633477922063288,0.1039965988734723,0.06111286553750794
-0.05060335036804733,-0.05279757707016257,-0.030837049737697447,,-0.06956799426455602,-0.021650118426676253,,,0.14518371503686095,0.24677372682254647,1.0,,,,-0.10648265816043688,-0.028225458927845424,-0.036873054174399116,-0.05769365774345157,-0.06755604122434217,-0.0041633777463673605,0.14778410937964412,0.13768102045659755
,,,,,,,,,,,,,,,,,,,,,
,,,,,,,,,,,,,,,,,,,,,
,,,,,,,,,,,,,,,,,,,,,
0.26362923722513953,0.266569280212015,0.16682949622880347,,0.2544250000304782,0.13234844746526628,,,-0.22973683582960042,-0.09465462476305941,-0.10648265816043688,,,,1.0,0.19491398249754116,0.42851657612368926,0.37316142096541804,-0.010564144654346627,0.1443627774760221,-0.2381786709919855,-0.30123046946253523
0.02441692741805079,0.009369420539705924,0.02714719870828007,,0.05213573925266378,0.041781959649480095,,,-0.06206234596102828,-0.04917745124091408,-0.028225458927845424,,,,0.19491398249754116,1.0,0.21084813920480458,0.12989530641035227,-0.08181078534121428,-0.1105031427842957,-0.03455315271139907,-0.10270963048099833
0.12120645492742475,0.11412189038283461,0.07709518232130436,,0.08936692046824618,0.08420713688366001,,,-0.17700840889621677,-0.025071614029383273,-0.036873054174399116,,,,0.42851657612368926,0.21084813920480458,1.0,0.4034031521747424,-0.044401824584693994,0.09554158438877755,-0.10753933779486555,-0.18640604604178365
0.16744404998431547,0.17804669216545016,0.09812988775444081,,0.1716936626640408,0.09882190360540882,,,-0.21601309441731886,-0.02833320142793251,-0.05769365774345157,,,,0.37316142096541804,0.12989530641035227,0.4034031521747424,1.0,-0.07244882192265155,0.19876247989238088,-0.1536594919061096,-0.2644271757449423
0.027795359247364003,0.04051797058875482,0.021787792427639185,,0.07445763523470329,0.084501596266639,,,0.030770729662676986,-0.09766192101659658,-0.06755604122434217,,,,-0.010564144654346627,-0.08181078534121428,-0.044401824584693994,-0.07244882192265155,1.0,-0.057779790918014065,0.035981128948229385,0.13993841684761357
0.16631949880871533,0.33535428735544826,0.25772656584991,,-0.014946108120874983,0.13378203826458074,,,-0.09058182277066228,0.06633477922063288,-0.0041633777463673605,,,,0.1443627774760221,-0.1105031427842957,0.09554158438877755,0.19876247989238088,-0.057779790918014065,1.0,-0.11966137742361108,-0.16979435406531315
-0.10730527959656576,-0.13113362727489147,-0.05239921369071097,,-0.1150625949737845,-0.1677573920335541,,,0.18745135764326162,0.1039965988734723,0.14778410937964412,,,,-0.2381786709919855,-0.03455315271139907,-0.10753933779486555,-0.1536594919061096,0.035981128948229385,-0.11966137742361108,1.0,0.4241189656211337
-0.13981328103831756,-0.15192935474990824,-0.060358095003467956,,-0.07602120197169264,-0.10833237665771003,,,0.17339276513022958,0.06111286553750794,0.13768102045659755,,,,-0.30123046946253523,-0.10270963048099833,-0.18640604604178365,-0.2644271757449423,0.13993841684761357,-0.16979435406531315,0.4241189656211337,1.0
